[sample]
force.heading: 0
force.pitch: 0
force.roll: 0
force.latitude: 71.32750701904297
force.longitude: -156.6820831298828
